14 132
5 7
9 0
1 3
12 9
4 0
4 13
11 9
5 3
10 11
12 0
8 2
8 5
10 9
13 6
12 2
10 5
11 12
2 7
13 12
3 11
11 3
10 0
1 13
3 9
13 3
9 3
3 4
3 12
11 8
12 1
7 2
9 6
10 8
2 0
13 4
3 0
13 7
5 4
9 8
0 7
12 6
13 5
2 10
4 6
0 9
11 1
8 11
3 7
12 4
7 1
10 1
6 2
6 0
8 0
13 1
3 2
4 8
0 2
9 4
5 13
8 3
9 12
10 12
7 13
11 7
3 6
13 11
3 8
7 12
7 11
2 13
12 10
2 9
2 11
3 10
4 10
12 5
10 2
8 4
8 7
7 6
8 10
6 7
1 2
2 6
3 1
1 7
1 9
7 9
13 9
0 8
2 8
5 6
11 2
8 12
1 6
1 8
7 5
11 10
10 6
12 13
4 9
1 0
2 12
11 13
0 11
8 6
4 12
5 2
4 11
5 11
1 11
0 3
9 7
13 2
4 1
7 4
0 5
0 13
11 6
7 8
4 2
6 11
10 13
9 2
6 12
0 1
8 9
9 5
0 4
5 8
4 3
